{
    "camera_angle_x": 0.6911112070083618,
    "frames": [
        {
            "file_path": "train/000",
            "transform_matrix": [
                [
                    0.09843500703573227,
                    -0.8746753334999084,
                    0.4746059775352478,
                    1.9131993055343628
                ],
                [
                    0.9951435327529907,
                    0.08651884645223618,
                    -0.046945828944444656,
                    -0.1892448365688324
                ],
                [
                    0.0,
                    0.4769217073917389,
                    0.8789446353912354,
                    3.5431418418884277
                ],
                [
                    0.0,
                    0.0,
                    0.0,
                    1.0
                ]
            ]
        },
        {
            "file_path": "train/001",
            "transform_matrix": [
                [
                    -0.38459646701812744,
                    -0.3907259404659271,
                    0.8363123536109924,
                    3.371284008026123
                ],
                [
                    0.9230847954750061,
                    -0.1627930849790573,
                    0.3484433889389038,
                    1.40462064743042
                ],
                [
                    0.0,
                    0.905997633934021,
                    0.423282653093338,
                    1.7063074111938477
                ],
                [
                    0.0,
                    0.0,
                    0.0,
                    1.0
                ]
            ]
        },
        {
            "file_path": "train/002",
            "transform_matrix": [
                [
                    -0.853066623210907,
                    -0.5166820287704468,
                    0.0729294940829277,
                    0.2939886152744293
                ],
                [
                    0.5218042135238647,
                    -0.8446926474571228,
                    0.11922807991504669,
                    0.4806244671344757
                ],
                [
                    0.0,
                    0.13976450264453888,
                    0.9901832938194275,
                    3.9915623664855957
                ],
                [
                    0.0,
                    0.0,
                    0.0,
                    1.0
                ]
            ]
        },
        {
            "file_path": "train/003",
            "transform_matrix": [
                [
                    -0.7804783582687378,
                    -0.31152987480163574,
                    0.5420352220535278,
                    2.1850147247314453
                ],
                [
                    0.6251828670501709,
                    -0.3889138996601105,
                    0.6766767501831055,
                    2.7277724742889404
                ],
                [
                    0.0,
                    0.8670016527175903,
                    0.49830254912376404,
                    2.0087227821350098
                ],
                [
                    0.0,
                    0.0,
                    0.0,
                    1.0
                ]
            ]
        },
        {
            "file_path": "train/004",
            "transform_matrix": [
                [
                    -0.08826962113380432,
                    -0.9327537417411804,
                    0.3495391011238098,
                    1.4090394973754883
                ],
                [
                    0.996096670627594,
                    -0.08265645802021027,
                    0.03097458928823471,
                    0.12486276775598526
                ],
                [
                    1.862645371275562e-09,
                    0.35090920329093933,
                    0.9364078640937805,
                    3.774786949157715
                ],
                [
                    0.0,
                    0.0,
                    0.0,
                    1.0
                ]
            ]
        },
        {
            "file_path": "train/005",
            "transform_matrix": [
                [
                    0.991387665271759,
                    0.07718487083911896,
                    -0.10579650104045868,
                    -0.4264793395996094
                ],
                [
                    -0.13095957040786743,
                    0.5843034982681274,
                    -0.8008986115455627,
                    -3.2285256385803223
                ],
                [
                    3.725290298461914e-09,
                    0.8078556656837463,
                    0.5893797278404236,
                    2.3758656978607178
                ],
                [
                    0.0,
                    0.0,
                    0.0,
                    1.0
                ]
            ]
        },
        {
            "file_path": "train/006",
            "transform_matrix": [
                [
                    0.9924904704093933,
                    0.0923641175031662,
                    -0.08019696176052094,
                    -0.3232842981815338
                ],
                [
                    -0.1223222091794014,
                    0.7494183778762817,
                    -0.6506972312927246,
                    -2.623044490814209
                ],
                [
                    0.0,
                    0.6556192636489868,
                    0.7550904154777527,
                    3.0438668727874756
                ],
                [
                    0.0,
                    0.0,
                    0.0,
                    1.0
                ]
            ]
        },
        {
            "file_path": "train/007",
            "transform_matrix": [
                [
                    0.9930467009544373,
                    -0.04827076569199562,
                    0.10736984759569168,
                    0.43282169103622437
                ],
                [
                    0.11772150546312332,
                    0.4071909189224243,
                    -0.9057247042655945,
                    -3.651093006134033
                ],
                [
                    0.0,
                    0.9120665788650513,
                    0.4100421369075775,
                    1.6529327630996704
                ],
                [
                    0.0,
                    0.0,
                    0.0,
                    1.0
                ]
            ]
        },
        {
            "file_path": "train/008",
            "transform_matrix": [
                [
                    -0.9722315669059753,
                    -0.19732484221458435,
                    0.1258116066455841,
                    0.507162868976593
                ],
                [
                    0.2340206354856491,
                    -0.8197800517082214,
                    0.5226805210113525,
                    2.106992721557617
                ],
                [
                    -7.450580152834618e-09,
                    0.5376091599464417,
                    0.8431941270828247,
                    3.399024486541748
                ],
                [
                    0.0,
                    0.0,
                    0.0,
                    1.0
                ]
            ]
        },
        {
            "file_path": "train/009",
            "transform_matrix": [
                [
                    0.10747753083705902,
                    -0.9941217303276062,
                    0.012870621867477894,
                    0.05188313126564026
                ],
                [
                    0.9942074418067932,
                    0.10746826976537704,
                    -0.001391362166032195,
                    -0.005608759820461273
                ],
                [
                    0.0,
                    0.01294708251953125,
                    0.9999162554740906,
                    4.03079080581665
                ],
                [
                    0.0,
                    0.0,
                    0.0,
                    1.0
                ]
            ]
        },
        {
            "file_path": "train/010",
            "transform_matrix": [
                [
                    0.9486366510391235,
                    -0.1188143715262413,
                    0.2932092845439911,
                    1.18196439743042
                ],
                [
                    0.3163677155971527,
                    0.35626792907714844,
                    -0.879195511341095,
                    -3.5441503524780273
                ],
                [
                    -7.4505797087454084e-09,
                    0.9267991781234741,
                    0.3755578100681305,
                    1.5139219760894775
                ],
                [
                    0.0,
                    0.0,
                    0.0,
                    1.0
                ]
            ]
        },
        {
            "file_path": "train/011",
            "transform_matrix": [
                [
                    -0.18612754344940186,
                    0.656985878944397,
                    -0.7305655479431152,
                    -2.9450042247772217
                ],
                [
                    -0.9825255870819092,
                    -0.12445799261331558,
                    0.13839676976203918,
                    0.557895302772522
                ],
                [
                    0.0,
                    0.7435588836669922,
                    0.6686704158782959,
                    2.6954967975616455
                ],
                [
                    0.0,
                    0.0,
                    0.0,
                    1.0
                ]
            ]
        },
        {
            "file_path": "train/012",
            "transform_matrix": [
                [
                    -0.07529154419898987,
                    0.9867722392082214,
                    -0.14355769753456116,
                    -0.5786995887756348
                ],
                [
                    -0.9971615076065063,
                    -0.07450710237026215,
                    0.010839450173079967,
                    0.043695222586393356
                ],
                [
                    0.0,
                    0.14396584033966064,
                    0.9895825982093811,
                    3.9891350269317627
                ],
                [
                    0.0,
                    0.0,
                    0.0,
                    1.0
                ]
            ]
        },
        {
            "file_path": "train/013",
            "transform_matrix": [
                [
                    -0.8105886578559875,
                    -0.40204179286956787,
                    0.42580223083496094,
                    1.7164639234542847
                ],
                [
                    0.5856159925460815,
                    -0.5564917922019958,
                    0.5893802046775818,
                    2.3758678436279297
                ],
                [
                    -2.980232594040899e-08,
                    0.7270997166633606,
                    0.686529815196991,
                    2.7674903869628906
                ],
                [
                    0.0,
                    0.0,
                    0.0,
                    1.0
                ]
            ]
        },
        {
            "file_path": "train/014",
            "transform_matrix": [
                [
                    0.979084312915802,
                    0.1998327672481537,
                    -0.03822004422545433,
                    -0.1540699303150177
                ],
                [
                    -0.20345497131347656,
                    0.9616531729698181,
                    -0.18392592668533325,
                    -0.7414291501045227
                ],
                [
                    0.0,
                    0.1878550499677658,
                    0.9821967482566833,
                    3.9593617916107178
                ],
                [
                    0.0,
                    0.0,
                    0.0,
                    1.0
                ]
            ]
        },
        {
            "file_path": "train/015",
            "transform_matrix": [
                [
                    0.24190156161785126,
                    -0.5837995409965515,
                    0.7750236392021179,
                    3.124220132827759
                ],
                [
                    0.9703007340431213,
                    0.14554457366466522,
                    -0.19321784377098083,
                    -0.7788860201835632
                ],
                [
                    0.0,
                    0.7987455129623413,
                    0.6016687750816345,
                    2.4254043102264404
                ],
                [
                    0.0,
                    0.0,
                    0.0,
                    1.0
                ]
            ]
        },
        {
            "file_path": "train/016",
            "transform_matrix": [
                [
                    -0.9411802887916565,
                    -0.33309072256088257,
                    0.056836437433958054,
                    0.2291153371334076
                ],
                [
                    0.33790507912635803,
                    -0.9277706742286682,
                    0.15830875933170319,
                    0.6381639242172241
                ],
                [
                    3.725290742551124e-09,
                    0.16820259392261505,
                    0.9857509732246399,
                    3.9736950397491455
                ],
                [
                    0.0,
                    0.0,
                    0.0,
                    1.0
                ]
            ]
        },
        {
            "file_path": "train/017",
            "transform_matrix": [
                [
                    -0.9951232671737671,
                    -0.08126074820756912,
                    0.055915094912052155,
                    0.2254011482000351
                ],
                [
                    0.0986398309469223,
                    -0.8197951912879944,
                    0.5640967488288879,
                    2.2739486694335938
                ],
                [
                    0.0,
                    0.5668615698814392,
                    0.8238121867179871,
                    3.3208961486816406
                ],
                [
                    0.0,
                    0.0,
                    0.0,
                    1.0
                ]
            ]
        },
        {
            "file_path": "train/018",
            "transform_matrix": [
                [
                    0.9954040050506592,
                    -0.025210527703166008,
                    0.0923868790268898,
                    0.3724234104156494
                ],
                [
                    0.09576483815908432,
                    0.2620445489883423,
                    -0.9602924585342407,
                    -3.871062755584717
                ],
                [
                    1.8626449271863521e-09,
                    0.9647263884544373,
                    0.2632544934749603,
                    1.0612127780914307
                ],
                [
                    0.0,
                    0.0,
                    0.0,
                    1.0
                ]
            ]
        },
        {
            "file_path": "train/019",
            "transform_matrix": [
                [
                    0.8663809895515442,
                    -0.33686405420303345,
                    0.3686552941799164,
                    1.4860970973968506
                ],
                [
                    0.49938374757766724,
                    0.5844255089759827,
                    -0.6395801305770874,
                    -2.578230142593384
                ],
                [
                    1.4901161193847656e-08,
                    0.7382204532623291,
                    0.674559473991394,
                    2.719236373901367
                ],
                [
                    0.0,
                    0.0,
                    0.0,
                    1.0
                ]
            ]
        },
        {
            "file_path": "train/020",
            "transform_matrix": [
                [
                    -0.4376636743545532,
                    0.7138040065765381,
                    -0.546746551990509,
                    -2.2040059566497803
                ],
                [
                    -0.8991388082504272,
                    -0.3474503457546234,
                    0.2661336660385132,
                    1.0728191137313843
                ],
                [
                    0.0,
                    0.6080765128135681,
                    0.7938772439956665,
                    3.200221538543701
                ],
                [
                    0.0,
                    0.0,
                    0.0,
                    1.0
                ]
            ]
        },
        {
            "file_path": "train/021",
            "transform_matrix": [
                [
                    -0.4057772755622864,
                    -0.3975851833820343,
                    0.8229645490646362,
                    3.317476749420166
                ],
                [
                    0.9139720797538757,
                    -0.1765163540840149,
                    0.36537253856658936,
                    1.472864031791687
                ],
                [
                    0.0,
                    0.9004265666007996,
                    0.43500789999961853,
                    1.7535732984542847
                ],
                [
                    0.0,
                    0.0,
                    0.0,
                    1.0
                ]
            ]
        },
        {
            "file_path": "train/022",
            "transform_matrix": [
                [
                    -0.184447780251503,
                    0.37917739152908325,
                    -0.9067540764808655,
                    -3.6552438735961914
                ],
                [
                    -0.9828422665596008,
                    -0.07115935534238815,
                    0.17016848921775818,
                    0.6859713792800903
                ],
                [
                    1.4901160305669237e-08,
                    0.922583818435669,
                    0.38579654693603516,
                    1.5551962852478027
                ],
                [
                    0.0,
                    0.0,
                    0.0,
                    1.0
                ]
            ]
        },
        {
            "file_path": "train/023",
            "transform_matrix": [
                [
                    0.5142103433609009,
                    -0.7719033360481262,
                    0.3738354444503784,
                    1.5069788694381714
                ],
                [
                    0.8576640486717224,
                    0.4627927243709564,
                    -0.22413210570812225,
                    -0.9035054445266724
                ],
                [
                    0.0,
                    0.4358763098716736,
                    0.9000065922737122,
                    3.628042697906494
                ],
                [
                    0.0,
                    0.0,
                    0.0,
                    1.0
                ]
            ]
        },
        {
            "file_path": "train/024",
            "transform_matrix": [
                [
                    0.6856862902641296,
                    -0.12101297080516815,
                    0.7177675366401672,
                    2.893413543701172
                ],
                [
                    0.7278972864151001,
                    0.11399539560079575,
                    -0.676144003868103,
                    -2.725623607635498
                ],
                [
                    0.0,
                    0.9860836863517761,
                    0.1662500649690628,
                    0.6701754331588745
                ],
                [
                    0.0,
                    0.0,
                    0.0,
                    1.0
                ]
            ]
        },
        {
            "file_path": "train/025",
            "transform_matrix": [
                [
                    0.03387177363038063,
                    0.7506131529808044,
                    -0.6598717570304871,
                    -2.660031795501709
                ],
                [
                    -0.9994262456893921,
                    0.025439193472266197,
                    -0.022363858297467232,
                    -0.09015171974897385
                ],
                [
                    0.0,
                    0.6602510213851929,
                    0.7510434985160828,
                    3.027557373046875
                ],
                [
                    0.0,
                    0.0,
                    0.0,
                    1.0
                ]
            ]
        },
        {
            "file_path": "train/026",
            "transform_matrix": [
                [
                    -0.8774943947792053,
                    0.06832150369882584,
                    -0.4746954143047333,
                    -1.9135583639144897
                ],
                [
                    -0.4795868694782257,
                    -0.1250070333480835,
                    0.8685445785522461,
                    3.5012152194976807
                ],
                [
                    7.450580596923828e-09,
                    0.9898006319999695,
                    0.14245907962322235,
                    0.5742709040641785
                ],
                [
                    0.0,
                    0.0,
                    0.0,
                    1.0
                ]
            ]
        },
        {
            "file_path": "train/027",
            "transform_matrix": [
                [
                    -0.05430125817656517,
                    -0.2654680013656616,
                    0.9625892043113708,
                    3.880321502685547
                ],
                [
                    0.9985246658325195,
                    -0.014436544850468636,
                    0.052347034215927124,
                    0.2110176533460617
                ],
                [
                    0.0,
                    0.9640113711357117,
                    0.26586025953292847,
                    1.0717171430587769
                ],
                [
                    0.0,
                    0.0,
                    0.0,
                    1.0
                ]
            ]
        },
        {
            "file_path": "train/028",
            "transform_matrix": [
                [
                    0.023967817425727844,
                    -0.9440513253211975,
                    0.328922301530838,
                    1.3259280920028687
                ],
                [
                    0.9997127056121826,
                    0.022633353248238564,
                    -0.00788581557571888,
                    -0.03178873658180237
                ],
                [
                    0.0,
                    0.3290162980556488,
                    0.9443241357803345,
                    3.806691884994507
                ],
                [
                    0.0,
                    0.0,
                    0.0,
                    1.0
                ]
            ]
        },
        {
            "file_path": "train/029",
            "transform_matrix": [
                [
                    -0.7396641373634338,
                    0.14842718839645386,
                    -0.656403660774231,
                    -2.6460492610931396
                ],
                [
                    -0.6729760766029358,
                    -0.16313545405864716,
                    0.7214494943618774,
                    2.908257484436035
                ],
                [
                    7.450580152834618e-09,
                    0.9753749370574951,
                    0.22055327892303467,
                    0.889079213142395
                ],
                [
                    0.0,
                    0.0,
                    0.0,
                    1.0
                ]
            ]
        },
        {
            "file_path": "train/030",
            "transform_matrix": [
                [
                    -0.06535834819078445,
                    0.6570233106613159,
                    -0.7510319352149963,
                    -3.027505397796631
                ],
                [
                    -0.9978618621826172,
                    -0.04303397238254547,
                    0.04919138550758362,
                    0.19829675555229187
                ],
                [
                    0.0,
                    0.7526410222053528,
                    0.6584314107894897,
                    2.6542208194732666
                ],
                [
                    0.0,
                    0.0,
                    0.0,
                    1.0
                ]
            ]
        },
        {
            "file_path": "train/031",
            "transform_matrix": [
                [
                    -0.9993582963943481,
                    0.023233605548739433,
                    -0.02726418897509575,
                    -0.10990545898675919
                ],
                [
                    -0.035820893943309784,
                    -0.648188591003418,
                    0.7606369256973267,
                    3.066225528717041
                ],
                [
                    1.862645149230957e-09,
                    0.761125385761261,
                    0.6486048102378845,
                    2.614609718322754
                ],
                [
                    0.0,
                    0.0,
                    0.0,
                    1.0
                ]
            ]
        },
        {
            "file_path": "train/032",
            "transform_matrix": [
                [
                    -0.2739773094654083,
                    -0.7324534058570862,
                    0.6232560276985168,
                    2.5124270915985107
                ],
                [
                    0.9617370963096619,
                    -0.20865952968597412,
                    0.17755164206027985,
                    0.71573406457901
                ],
                [
                    0.0,
                    0.6480532884597778,
                    0.7615943551063538,
                    3.07008695602417
                ],
                [
                    0.0,
                    0.0,
                    0.0,
                    1.0
                ]
            ]
        },
        {
            "file_path": "train/033",
            "transform_matrix": [
                [
                    -0.9514843225479126,
                    0.12074538320302963,
                    -0.28301411867141724,
                    -1.1408659219741821
                ],
                [
                    -0.30769503116607666,
                    -0.37338048219680786,
                    0.8751635551452637,
                    3.527895450592041
                ],
                [
                    7.4505748237641e-09,
                    0.9197866916656494,
                    0.39241892099380493,
                    1.5818904638290405
                ],
                [
                    0.0,
                    0.0,
                    0.0,
                    1.0
                ]
            ]
        },
        {
            "file_path": "train/034",
            "transform_matrix": [
                [
                    -0.9911993741989136,
                    0.04282533749938011,
                    -0.1252591609954834,
                    -0.5049362182617188
                ],
                [
                    -0.13237783312797546,
                    -0.3206613063812256,
                    0.937897264957428,
                    3.780787229537964
                ],
                [
                    0.0,
                    0.9462253451347351,
                    0.3235081434249878,
                    1.3041038513183594
                ],
                [
                    0.0,
                    0.0,
                    0.0,
                    1.0
                ]
            ]
        },
        {
            "file_path": "train/035",
            "transform_matrix": [
                [
                    -0.24558928608894348,
                    0.917401909828186,
                    -0.31314414739608765,
                    -1.2623244524002075
                ],
                [
                    -0.9693740606307983,
                    -0.23242223262786865,
                    0.07933454215526581,
                    0.319807767868042
                ],
                [
                    0.0,
                    0.3230375051498413,
                    0.9463861584663391,
                    3.815004587173462
                ],
                [
                    0.0,
                    0.0,
                    0.0,
                    1.0
                ]
            ]
        },
        {
            "file_path": "train/036",
            "transform_matrix": [
                [
                    0.1893921047449112,
                    0.5969864130020142,
                    -0.7795737385749817,
                    -3.142568826675415
                ],
                [
                    -0.9819015860557556,
                    0.11514851450920105,
                    -0.15036650002002716,
                    -0.6061480045318604
                ],
                [
                    0.0,
                    0.7939445972442627,
                    0.6079888343811035,
                    2.4508864879608154
                ],
                [
                    0.0,
                    0.0,
                    0.0,
                    1.0
                ]
            ]
        },
        {
            "file_path": "train/037",
            "transform_matrix": [
                [
                    0.5524115562438965,
                    0.2695917785167694,
                    -0.7887722253799438,
                    -3.179642677307129
                ],
                [
                    -0.8335713744163513,
                    0.17865967750549316,
                    -0.5227228999137878,
                    -2.107163667678833
                ],
                [
                    -1.4901159417490817e-08,
                    0.9462563395500183,
                    0.32341763377189636,
                    1.3037383556365967
                ],
                [
                    0.0,
                    0.0,
                    0.0,
                    1.0
                ]
            ]
        },
        {
            "file_path": "train/038",
            "transform_matrix": [
                [
                    0.9832470417022705,
                    -0.06768497824668884,
                    0.1692453771829605,
                    0.6822499632835388
                ],
                [
                    0.18227797746658325,
                    0.3651075065135956,
                    -0.9129464626312256,
                    -3.6802048683166504
                ],
                [
                    3.725290298461914e-09,
                    0.9285016655921936,
                    0.37132835388183594,
                    1.4968724250793457
                ],
                [
                    0.0,
                    0.0,
                    0.0,
                    1.0
                ]
            ]
        },
        {
            "file_path": "train/039",
            "transform_matrix": [
                [
                    -0.3181661069393158,
                    -0.6859796047210693,
                    0.6543715596199036,
                    2.6378564834594727
                ],
                [
                    0.9480350613594055,
                    -0.2302187830209732,
                    0.21961091458797455,
                    0.8852800130844116
                ],
                [
                    1.4901162970204496e-08,
                    0.6902400255203247,
                    0.7235804200172424,
                    2.91684627532959
                ],
                [
                    0.0,
                    0.0,
                    0.0,
                    1.0
                ]
            ]
        },
        {
            "file_path": "train/040",
            "transform_matrix": [
                [
                    -0.9414343237876892,
                    0.26399046182632446,
                    -0.20978915691375732,
                    -0.8456882238388062
                ],
                [
                    -0.3371983766555786,
                    -0.737043023109436,
                    0.5857167840003967,
                    2.361102819442749
                ],
                [
                    0.0,
                    0.6221547722816467,
                    0.7828932404518127,
                    3.15594744682312
                ],
                [
                    0.0,
                    0.0,
                    0.0,
                    1.0
                ]
            ]
        },
        {
            "file_path": "train/041",
            "transform_matrix": [
                [
                    -0.5792481899261475,
                    0.598824143409729,
                    -0.5530643463134766,
                    -2.229477882385254
                ],
                [
                    -0.8151516318321228,
                    -0.4255255460739136,
                    0.3930085301399231,
                    1.58427095413208
                ],
                [
                    -1.4901166522918174e-08,
                    0.678481936454773,
                    0.7346158027648926,
                    2.961336374282837
                ],
                [
                    0.0,
                    0.0,
                    0.0,
                    1.0
                ]
            ]
        },
        {
            "file_path": "train/042",
            "transform_matrix": [
                [
                    -0.375795841217041,
                    -0.2455846667289734,
                    0.8935689926147461,
                    3.6020917892456055
                ],
                [
                    0.9267025589942932,
                    -0.09958933293819427,
                    0.36235952377319336,
                    1.4607179164886475
                ],
                [
                    -7.450581485102248e-09,
                    0.9642450213432312,
                    0.26500940322875977,
                    1.0682871341705322
                ],
                [
                    0.0,
                    0.0,
                    0.0,
                    1.0
                ]
            ]
        },
        {
            "file_path": "train/043",
            "transform_matrix": [
                [
                    0.9671597480773926,
                    -0.04608090966939926,
                    0.2499571591615677,
                    1.0076102018356323
                ],
                [
                    0.2541694939136505,
                    0.1753459870815277,
                    -0.9511311054229736,
                    -3.834134578704834
                ],
                [
                    0.0,
                    0.9834263324737549,
                    0.1813000738620758,
                    0.7308444380760193
                ],
                [
                    0.0,
                    0.0,
                    0.0,
                    1.0
                ]
            ]
        },
        {
            "file_path": "train/044",
            "transform_matrix": [
                [
                    -0.9432434439659119,
                    0.3016507029533386,
                    -0.13892006874084473,
                    -0.5600047707557678
                ],
                [
                    -0.33210229873657227,
                    -0.8567541837692261,
                    0.3945635259151459,
                    1.5905365943908691
                ],
                [
                    7.450580596923828e-09,
                    0.41830506920814514,
                    0.9083065390586853,
                    3.661500930786133
                ],
                [
                    0.0,
                    0.0,
                    0.0,
                    1.0
                ]
            ]
        },
        {
            "file_path": "train/045",
            "transform_matrix": [
                [
                    -0.5330060720443726,
                    0.7731064558029175,
                    -0.34381812810897827,
                    -1.3859752416610718
                ],
                [
                    -0.8461114168167114,
                    -0.4870167374610901,
                    0.21658748388290405,
                    0.8730920553207397
                ],
                [
                    0.0,
                    0.4063509702682495,
                    0.9137170910835266,
                    3.6833114624023438
                ],
                [
                    0.0,
                    0.0,
                    0.0,
                    1.0
                ]
            ]
        },
        {
            "file_path": "train/046",
            "transform_matrix": [
                [
                    0.6159194111824036,
                    -0.19014237821102142,
                    0.7645173072814941,
                    3.0818746089935303
                ],
                [
                    0.7878095507621765,
                    0.1486557126045227,
                    -0.5977092981338501,
                    -2.4094486236572266
                ],
                [
