{
    "camera_angle_x": 0.6911112070083618,
    "frames": [
        {
            "file_path": "train/0001",
            "transform_matrix": [
                [
                    -0.2727447748184204,
                    0.910855233669281,
                    -0.30976301431655884,
                    -1.8585779666900635
                ],
                [
                    -0.9620864987373352,
                    -0.2582210600376129,
                    0.08781563490629196,
                    0.5268937945365906
                ],
                [
                    0.0,
                    0.32197001576423645,
                    0.9467498660087585,
                    5.680499076843262
                ],
                [
                    0.0,
                    0.0,
                    0.0,
                    1.0
                ]
            ]
        },
        {
            "file_path": "train/0002",
            "transform_matrix": [
                [
                    0.9971421360969543,
                    -0.07264989614486694,
                    -0.02072574757039547,
                    -0.12435447424650192
                ],
                [
                    -0.07554841786623001,
                    -0.9588853716850281,
                    -0.2735532522201538,
                    -1.6413192749023438
                ],
                [
                    0.0,
                    0.2743375301361084,
                    -0.9616336226463318,
                    -5.769801139831543
                ],
                [
                    0.0,
                    0.0,
                    0.0,
                    1.0
                ]
            ]
        },
        {
            "file_path": "train/0003",
            "transform_matrix": [
                [
                    -0.9961601495742798,
                    -0.06979195028543472,
                    0.052859436720609665,
                    0.3171566426753998
                ],
                [
                    0.08755020052194595,
                    -0.7941039800643921,
                    0.6014431118965149,
                    3.608658790588379
                ],
                [
                    0.0,
                    0.6037613749504089,
                    0.797165036201477,
                    4.782990455627441
                ],
                [
                    0.0,
                    0.0,
                    0.0,
                    1.0
                ]
            ]
        },
        {
            "file_path": "train/0004",
            "transform_matrix": [
                [
                    -0.6977230906486511,
                    0.036950934678316116,
                    0.7154139280319214,
                    4.292483806610107
                ],
                [
                    0.7163676023483276,
                    0.03598923236131668,
                    0.6967942118644714,
                    4.180765628814697
                ],
                [
                    -1.862645371275562e-09,
                    0.9986687898635864,
                    -0.051580969244241714,
                    -0.3094858229160309
                ],
                [
                    0.0,
                    0.0,
                    0.0,
                    1.0
                ]
            ]
        },
        {
            "file_path": "train/0005",
            "transform_matrix": [
                [
                    -0.963151216506958,
                    0.11749709397554398,
                    -0.24193857610225677,
                    -1.4516314268112183
                ],
                [
                    -0.2689606547355652,
                    -0.4207584261894226,
                    0.866384744644165,
                    5.19830846786499
                ],
                [
                    0.0,
                    0.8995314240455627,
                    0.4368560314178467,
                    2.62113618850708
                ],
                [
                    0.0,
                    0.0,
                    0.0,
                    1.0
                ]
            ]
        },
        {
            "file_path": "train/0006",
            "transform_matrix": [
                [
                    -0.8943121433258057,
                    0.2610657215118408,
                    -0.36338767409324646,
                    -2.180325984954834
                ],
                [
                    -0.44744375348091125,
                    -0.5217957496643066,
                    0.7263080477714539,
                    4.357848167419434
                ],
                [
                    -1.4901161193847656e-08,
                    0.8121415972709656,
                    0.5834604501724243,
                    3.500762462615967
                ],
                [
                    0.0,
                    0.0,
                    0.0,
                    1.0
                ]
            ]
        },
        {
            "file_path": "train/0007",
            "transform_matrix": [
                [
                    0.9893082976341248,
                    0.14176587760448456,
                    -0.0342281311750412,
                    -0.2053687870502472
                ],
                [
                    -0.1458394080400467,
                    0.9616753458976746,
                    -0.23218809068202972,
                    -1.393128514289856
                ],
                [
                    0.0,
                    0.23469732701778412,
                    0.9720684885978699,
                    5.83241081237793
                ],
                [
                    0.0,
                    0.0,
                    0.0,
                    1.0
                ]
            ]
        },
        {
            "file_path": "train/0008",
            "transform_matrix": [
                [
                    -0.23034441471099854,
                    -0.6807553172111511,
                    -0.6953514814376831,
                    -4.1721086502075195
                ],
                [
                    -0.9731091260910034,
                    0.16114142537117004,
                    0.16459648311138153,
                    0.9875788688659668
                ],
                [
                    0.0,
                    0.7145668268203735,
                    -0.6995672583580017,
                    -4.197403430938721
                ],
                [
                    0.0,
                    0.0,
                    0.0,
                    1.0
                ]
            ]
        },
        {
            "file_path": "train/0009",
            "transform_matrix": [
                [
                    0.4337366819381714,
                    -0.812587320804596,
                    -0.3893255591392517,
                    -2.3359532356262207
                ],
                [
                    -0.901039719581604,
                    -0.3911580443382263,
                    -0.18741104006767273,
                    -1.1244661808013916
                ],
                [
                    1.4901161193847656e-08,
                    0.43208470940589905,
                    -0.9018329977989197,
                    -5.4109978675842285
                ],
                [
                    0.0,
                    0.0,
                    0.0,
                    1.0
                ]
            ]
        },
        {
            "file_path": "train/0010",
            "transform_matrix": [
                [
                    0.29476356506347656,
                    0.8889688849449158,
                    0.35049790143966675,
                    2.102987289428711
                ],
                [
                    0.9555702209472656,
                    -0.2742191255092621,
                    -0.10811765491962433,
                    -0.6487058997154236
                ],
                [
                    -7.450580596923828e-09,
                    0.3667944073677063,
                    -0.9303020238876343,
                    -5.581811904907227
                ],
                [
                    0.0,
                    0.0,
                    0.0,
                    1.0
                ]
            ]
        },
        {
            "file_path": "train/0011",
            "transform_matrix": [
                [
                    0.15909819304943085,
                    0.542172372341156,
                    0.8250678777694702,
                    4.950407028198242
                ],
                [
                    0.9872627854347229,
                    -0.08737151324748993,
                    -0.13296034932136536,
                    -0.7977620959281921
                ],
                [
                    0.0,
                    0.8357124328613281,
                    -0.549167275428772,
                    -3.2950034141540527
                ],
                [
                    0.0,
                    0.0,
                    0.0,
                    1.0
                ]
            ]
        },
        {
            "file_path": "train/0012",
            "transform_matrix": [
                [
                    0.9983986020088196,
                    0.022383183240890503,
                    0.05195538327097893,
                    0.31173232197761536
                ],
                [
                    0.05657180771231651,
                    -0.3950260579586029,
                    -0.916926383972168,
                    -5.501558780670166
                ],
                [
                    0.0,
                    0.9183971881866455,
                    -0.3956596553325653,
                    -2.373958110809326
                ],
                [
                    0.0,
                    0.0,
                    0.0,
                    1.0
                ]
            ]
        },
        {
            "file_path": "train/0013",
            "transform_matrix": [
                [
                    0.6219445466995239,
                    -0.2298494279384613,
                    -0.7485682368278503,
                    -4.491408824920654
                ],
                [
                    -0.7830613255500793,
                    -0.1825573444366455,
                    -0.5945484638214111,
                    -3.5672903060913086
                ],
                [
                    0.0,
                    0.955950915813446,
                    -0.2935267388820648,
                    -1.761160135269165
                ],
                [
                    0.0,
                    0.0,
                    0.0,
                    1.0
                ]
            ]
        },
        {
            "file_path": "train/0014",
            "transform_matrix": [
                [
                    0.21665820479393005,
                    -0.9736310839653015,
                    0.07142535597085953,
                    0.42855218052864075
                ],
                [
                    0.9762475490570068,
                    0.2160775363445282,
                    -0.015851398929953575,
                    -0.09510840475559235
                ],
                [
                    0.0,
                    0.073163241147995,
                    0.9973199367523193,
                    5.983920097351074
                ],
                [
                    0.0,
                    0.0,
                    0.0,
                    1.0
                ]
            ]
        },
        {
            "file_path": "train/0015",
            "transform_matrix": [
                [
                    -0.7643793225288391,
                    -0.6399238705635071,
                    -0.07887844741344452,
                    -0.4732706546783447
                ],
                [
                    -0.6447669267654419,
                    0.7586377859115601,
                    0.09351138770580292,
                    0.5610682964324951
                ],
                [
                    3.725290298461914e-09,
                    0.12233638763427734,
                    -0.9924887418746948,
                    -5.95493221282959
                ],
                [
                    0.0,
                    0.0,
                    0.0,
                    1.0
                ]
            ]
        },
        {
            "file_path": "train/0016",
            "transform_matrix": [
                [
                    -0.13769017159938812,
                    -0.345392644405365,
                    0.9283024668693542,
                    5.569814682006836
                ],
                [
                    0.9904754161834717,
                    -0.04801449179649353,
                    0.1290472447872162,
                    0.7742834091186523
                ],
                [
                    0.0,
                    0.9372291564941406,
                    0.34871405363082886,
                    2.0922842025756836
                ],
                [
                    0.0,
                    0.0,
                    0.0,
                    1.0
                ]
            ]
        },
        {
            "file_path": "train/0017",
            "transform_matrix": [
                [
                    0.9081823229789734,
                    -0.22109802067279816,
                    -0.3554161489009857,
                    -2.1324968338012695
                ],
                [
                    -0.4185749292373657,
                    -0.47971653938293457,
                    -0.7711466550827026,
                    -4.626879692077637
                ],
                [
                    -1.4901161193847656e-08,
                    0.849109947681427,
                    -0.5282161235809326,
                    -3.1692967414855957
                ],
                [
                    0.0,
                    0.0,
                    0.0,
                    1.0
                ]
            ]
        },
        {
            "file_path": "train/0018",
            "transform_matrix": [
                [
                    -0.8969908356666565,
                    -0.09618976712226868,
                    0.43145689368247986,
                    2.5887413024902344
                ],
                [
                    0.4420492351055145,
                    -0.19518491625785828,
                    0.8754972219467163,
                    5.252983093261719
                ],
                [
                    0.0,
                    0.9760380983352661,
                    0.21759967505931854,
                    1.3055980205535889
                ],
                [
                    0.0,
                    0.0,
                    0.0,
                    1.0
                ]
            ]
        },
        {
            "file_path": "train/0019",
            "transform_matrix": [
                [
                    -0.5587546825408936,
                    -0.3233599066734314,
                    -0.7636960744857788,
                    -4.582176208496094
                ],
                [
                    -0.8293330669403076,
                    0.21786044538021088,
                    0.5145324468612671,
                    3.0871944427490234
                ],
                [
                    0.0,
                    0.9208556413650513,
                    -0.38990363478660583,
                    -2.3394217491149902
                ],
                [
                    0.0,
                    0.0,
                    0.0,
                    1.0
                ]
            ]
        },
        {
            "file_path": "train/0020",
            "transform_matrix": [
                [
                    0.8605803847312927,
                    -0.18818452954292297,
                    -0.47327369451522827,
                    -2.83964204788208
                ],
                [
                    -0.5093146562576294,
                    -0.31797224283218384,
                    -0.7996826171875,
                    -4.798095703125
                ],
                [
                    0.0,
                    0.9292363524436951,
                    -0.3694857954978943,
                    -2.216914653778076
                ],
                [
                    0.0,
                    0.0,
                    0.0,
                    1.0
                ]
            ]
        },
        {
            "file_path": "train/0021",
            "transform_matrix": [
                [
                    0.25957125425338745,
                    -0.6138507127761841,
                    0.7455267310142517,
                    4.473160266876221
                ],
                [
                    0.965723991394043,
                    0.1649933159351349,
                    -0.20038573443889618,
                    -1.2023143768310547
                ],
                [
                    0.0,
                    0.7719873189926147,
                    0.6356378793716431,
                    3.8138270378112793
                ],
                [
                    0.0,
                    0.0,
                    0.0,
                    1.0
                ]
            ]
        },
        {
            "file_path": "train/0022",
            "transform_matrix": [
                [
                    -0.45474478602409363,
                    0.8445882201194763,
                    -0.28262677788734436,
                    -1.6957604885101318
                ],
                [
                    -0.8906219005584717,
                    -0.4312403202056885,
                    0.14430707693099976,
                    0.865842342376709
                ],
                [
                    -7.450580596923828e-09,
                    0.3173366189002991,
                    0.9483131170272827,
                    5.689877986907959
                ],
                [
                    0.0,
                    0.0,
                    0.0,
                    1.0
                ]
            ]
        },
        {
            "file_path": "train/0023",
            "transform_matrix": [
                [
                    -0.9721391797065735,
                    -0.12535110116004944,
                    0.19807219505310059,
                    1.188433051109314
                ],
                [
                    0.2344045341014862,
                    -0.5198649764060974,
                    0.8214590549468994,
                    4.928753852844238
                ],
                [
                    0.0,
                    0.8450014591217041,
                    0.5347639918327332,
                    3.2085835933685303
                ],
                [
                    0.0,
                    0.0,
                    0.0,
                    1.0
                ]
            ]
        },
        {
            "file_path": "train/0024",
            "transform_matrix": [
                [
                    0.6983349919319153,
                    -0.6413679718971252,
                    0.31776612997055054,
                    1.9065966606140137
                ],
                [
                    0.7157710790634155,
                    0.6257443428039551,
                    -0.3100253939628601,
                    -1.860152244567871
                ],
                [
                    0.0,
                    0.44394931197166443,
                    0.8960518836975098,
                    5.376311302185059
                ],
                [
                    0.0,
                    0.0,
                    0.0,
                    1.0
                ]
            ]
        },
        {
            "file_path": "train/0025",
            "transform_matrix": [
                [
                    0.9998551607131958,
                    0.004978343844413757,
                    -0.016274234279990196,
                    -0.09764540195465088
                ],
                [
                    -0.017018653452396393,
                    0.2924804091453552,
                    -0.9561201333999634,
                    -5.736720561981201
                ],
                [
                    0.0,
                    0.9562585949897766,
                    0.2925227880477905,
                    1.7551367282867432
                ],
                [
                    0.0,
                    0.0,
                    0.0,
                    1.0
                ]
            ]
        },
        {
            "file_path": "train/0026",
            "transform_matrix": [
                [
                    -0.8034310340881348,
                    0.17910858988761902,
                    0.5678192377090454,
                    3.4069156646728516
                ],
                [
                    0.5953978300094604,
                    0.24168948829174042,
                    0.7662163972854614,
                    4.597298622131348
                ],
                [
                    0.0,
                    0.9536804556846619,
                    -0.3008217215538025,
                    -1.8049304485321045
                ],
                [
                    0.0,
                    0.0,
                    0.0,
                    1.0
                ]
            ]
        },
        {
            "file_path": "train/0027",
            "transform_matrix": [
                [
                    -0.6516296863555908,
                    -0.5162864923477173,
                    0.5557222366333008,
                    3.3343334197998047
                ],
                [
                    0.7585373520851135,
                    -0.4435214400291443,
                    0.47739917039871216,
                    2.8643949031829834
                ],
                [
                    -1.4901161193847656e-08,
                    0.7326233983039856,
                    0.6806342005729675,
                    4.083805084228516
                ],
                [
                    0.0,
                    0.0,
                    0.0,
                    1.0
                ]
            ]
        },
        {
            "file_path": "train/0028",
            "transform_matrix": [
                [
                    0.29775577783584595,
                    -0.5407078266143799,
                    -0.7867506742477417,
                    -4.720503807067871
                ],
                [
                    -0.9546421766281128,
                    -0.16864840686321259,
                    -0.245389923453331,
                    -1.4723395109176636
                ],
                [
                    0.0,
                    0.8241315484046936,
                    -0.5663985013961792,
                    -3.398390769958496
                ],
                [
                    0.0,
                    0.0,
                    0.0,
                    1.0
                ]
            ]
        },
        {
            "file_path": "train/0029",
            "transform_matrix": [
                [
                    0.24309639632701874,
                    -0.23648309707641602,
                    -0.9407336711883545,
                    -5.644402503967285
                ],
                [
                    -0.9700022339820862,
                    -0.05926603451371193,
                    -0.23576126992702484,
                    -1.4145677089691162
                ],
                [
                    0.0,
                    0.969826340675354,
                    -0.2437964528799057,
                    -1.4627788066864014
                ],
                [
                    0.0,
                    0.0,
                    0.0,
                    1.0
                ]
            ]
        },
        {
            "file_path": "train/0030",
            "transform_matrix": [
                [
                    -0.07706999778747559,
                    -0.75855553150177,
                    0.6470345258712769,
                    3.882206916809082
                ],
                [
                    0.997025728225708,
                    -0.05863627791404724,
                    0.050015710294246674,
                    0.30009424686431885
                ],
                [
                    3.725290298461914e-09,
                    0.6489647626876831,
                    0.760818600654602,
                    4.564911365509033
                ],
                [
                    0.0,
                    0.0,
                    0.0,
                    1.0
                ]
            ]
        },
        {
            "file_path": "train/0031",
            "transform_matrix": [
                [
                    -0.4674954116344452,
                    -0.2003280073404312,
                    0.8609975576400757,
                    5.165985107421875
                ],
                [
                    0.883995532989502,
                    -0.10594218969345093,
                    0.45533308386802673,
                    2.7319984436035156
                ],
                [
                    0.0,
                    0.9739840626716614,
                    0.22661656141281128,
                    1.3596993684768677
                ],
                [
                    0.0,
                    0.0,
                    0.0,
                    1.0
                ]
            ]
        },
        {
            "file_path": "train/0032",
            "transform_matrix": [
                [
                    -0.4276455044746399,
                    0.6094880700111389,
                    0.6675654649734497,
                    4.005392551422119
                ],
                [
                    0.9039465188980103,
                    0.2883409857749939,
                    0.31581664085388184,
                    1.894899845123291
                ],
                [
                    0.0,
                    0.7385010123252869,
                    -0.6742523908615112,
                    -4.045514106750488
                ],
                [
                    0.0,
                    0.0,
                    0.0,
                    1.0
                ]
            ]
        },
        {
            "file_path": "train/0033",
            "transform_matrix": [
                [
                    -0.1808064877986908,
                    0.844197154045105,
                    0.504618763923645,
                    3.02771258354187
                ],
                [
                    0.9835187196731567,
                    0.15519411861896515,
                    0.09276726841926575,
                    0.5566036105155945
                ],
                [
                    0.0,
                    0.5130749344825745,
                    -0.8583438396453857,
                    -5.1500630378723145
                ],
                [
                    0.0,
                    0.0,
                    0.0,
                    1.0
                ]
            ]
        },
        {
            "file_path": "train/0034",
            "transform_matrix": [
                [
                    -0.30120614171028137,
                    -0.003241037717089057,
                    0.9535535573959351,
                    5.721321105957031
                ],
                [
                    0.9535591006278992,
                    -0.00102376495487988,
                    0.3012043833732605,
                    1.8072261810302734
                ],
                [
                    -5.820766091346741e-11,
                    0.9999942779541016,
                    0.0033988850191235542,
                    0.020393310114741325
                ],
                [
                    0.0,
                    0.0,
                    0.0,
                    1.0
                ]
            ]
        },
        {
            "file_path": "train/0035",
            "transform_matrix": [
                [
                    0.8802108764648438,
                    -0.4719456136226654,
                    0.049961529672145844,
                    0.29976916313171387
                ],
                [
                    0.4745827317237854,
                    0.87531977891922,
                    -0.09266388416290283,
                    -0.555983304977417
                ],
                [
                    0.0,
                    0.10527481883764267,
                    0.9944431781768799,
                    5.966659069061279
                ],
                [
                    0.0,
                    0.0,
                    0.0,
                    1.0
                ]
            ]
        },
        {
            "file_path": "train/0036",
            "transform_matrix": [
                [
                    0.9101178646087646,
                    0.3475935459136963,
                    -0.22553102672100067,
                    -1.3531861305236816
                ],
                [
                    -0.4143495261669159,
                    0.7634884715080261,
                    -0.49537843465805054,
                    -2.9722704887390137
                ],
                [
                    -1.4901161193847656e-08,
                    0.5443015098571777,
                    0.8388897776603699,
                    5.03333854675293
                ],
                [
                    0.0,
                    0.0,
                    0.0,
                    1.0
                ]
            ]
        },
        {
            "file_path": "train/0037",
            "transform_matrix": [
                [
                    0.7684010863304138,
                    -0.5773738026618958,
                    -0.2760421633720398,
                    -1.6562529802322388
                ],
                [
                    -0.6399685144424438,
                    -0.6932445168495178,
                    -0.33143991231918335,
                    -1.9886394739151
                ],
                [
                    0.0,
                    0.43133705854415894,
                    -0.9021908640861511,
                    -5.413145065307617
                ],
                [
                    0.0,
                    0.0,
                    0.0,
                    1.0
                ]
            ]
        },
        {
            "file_path": "train/0038",
            "transform_matrix": [
                [
                    -0.968350350856781,
                    0.187636137008667,
                    0.16459158062934875,
                    0.9875494837760925
                ],
                [
                    0.24959507584571838,
                    0.7279691100120544,
                    0.6385635137557983,
                    3.83138108253479
                ],
                [
                    7.450580596923828e-09,
                    0.65943443775177,
                    -0.7517620921134949,
                    -4.51057243347168
                ],
                [
                    0.0,
                    0.0,
                    0.0,
                    1.0
                ]
            ]
        },
        {
            "file_path": "train/0039",
            "transform_matrix": [
                [
                    0.2571595013141632,
                    -0.6955277323722839,
                    0.6709025502204895,
                    4.025415420532227
                ],
                [
                    0.9663690328598022,
                    0.185086190700531,
                    -0.17853322625160217,
                    -1.0711994171142578
                ],
                [
                    1.4901161193847656e-08,
                    0.6942508816719055,
                    0.7197330594062805,
                    4.318398475646973
                ],
                [
                    0.0,
                    0.0,
                    0.0,
                    1.0
                ]
            ]
        },
        {
            "file_path": "train/0040",
            "transform_matrix": [
                [
                    -0.6798580884933472,
                    0.08862371742725372,
                    -0.7279689908027649,
                    -4.367814064025879
                ],
                [
                    -0.7333437204360962,
                    -0.08216004073619843,
                    0.6748753190040588,
                    4.049252033233643
                ],
                [
                    0.0,
                    0.9926709532737732,
                    0.12084880471229553,
                    0.725092887878418
                ],
                [
                    0.0,
                    0.0,
                    0.0,
                    1.0
                ]
            ]
        },
        {
            "file_path": "train/0041",
            "transform_matrix": [
                [
                    0.7682124972343445,
                    0.6323062777519226,
                    -0.10019128769636154,
                    -0.6011476516723633
                ],
                [
                    -0.6401949524879456,
                    0.7587463855743408,
                    -0.12022619694471359,
                    -0.7213571071624756
                ],
                [
                    0.0,
                    0.15650154650211334,
                    0.9876778721809387,
                    5.9260663986206055
                ],
                [
                    0.0,
                    0.0,
                    0.0,
                    1.0
                ]
            ]
        },
        {
            "file_path": "train/0042",
            "transform_matrix": [
                [
                    0.2398664951324463,
                    -0.32181254029273987,
                    -0.9159153699874878,
                    -5.4954915046691895
                ],
                [
                    -0.9708058834075928,
                    -0.07951336354017258,
                    -0.22630415856838226,
                    -1.3578248023986816
                ],
                [
                    7.4505797087454084e-09,
                    0.9434587359428406,
                    -0.3314901292324066,
                    -1.9889405965805054
                ],
                [
                    0.0,
                    0.0,
                    0.0,
                    1.0
                ]
            ]
        },
        {
            "file_path": "train/0043",
            "transform_matrix": [
                [
                    0.5435712337493896,
                    0.8103441596031189,
                    0.2187981903553009,
                    1.3127892017364502
                ],
                [
                    0.8393630385398865,
                    -0.5247786045074463,
                    -0.14169363677501678,
                    -0.8501619100570679
                ],
                [
                    -7.450580596923828e-09,
                    0.26067161560058594,
                    -0.9654275178909302,
                    -5.79256534576416
                ],
                [
                    0.0,
                    0.0,
                    0.0,
                    1.0
                ]
            ]
        },
        {
            "file_path": "train/0044",
            "transform_matrix": [
                [
                    -0.990568995475769,
                    -0.13662749528884888,
                    -0.010296682827174664,
                    -0.061780087649822235
                ],
                [
                    -0.1370149552822113,
                    0.9877678751945496,
                    0.0744413360953331,
                    0.446647971868515
                ],
                [
                    -9.313225746154785e-10,
                    0.07515016198158264,
                    -0.9971722960472107,
                    -5.983033180236816
                ],
                [
                    0.0,
                    0.0,
                    0.0,
                    1.0
                ]
            ]
        },
        {
            "file_path": "train/0045",
            "transform_matrix": [
                [
                    0.6457708477973938,
                    0.6176939606666565,
                    0.44881415367126465,
                    2.692885160446167
                ],
                [
                    0.7635313868522644,
                    -0.522426187992096,
                    -0.3795929551124573,
                    -2.277557849884033
                ],
                [
                    0.0,
                    0.5878137350082397,
                    -0.808996319770813,
                    -4.853978157043457
                ],
                [
                    0.0,
                    0.0,
                    0.0,
                    1.0
                ]
            ]
        },
        {
            "file_path": "train/0046",
            "transform_matrix": [
                [
                    -0.8021442294120789,
                    -0.5405969023704529,
                    -0.25361332297325134,
                    -1.5216798782348633
                ],
                [
                    -0.5971304774284363,
                    0.7262008786201477,
                    0.3406867980957031,
                    2.0441207885742188
                ],
                [
                    0.0,
                    0.4247201085090637,
                    -0.9053246974945068,
                    -5.431948184967041
                ],
                [
                    0.0,
                    0.0,
                    0.0,
                    1.0
                ]
            ]
        },
        {
            "file_path": "train/0047",
            "transform_matrix": [
                [
                    0.2979883551597595,
                    0.6451320648193359,
                    -0.7035677433013916,
                    -4.22140645980835
                ],
                [
                    -0.9545695185661316,
                    0.20139113068580627,
                    -0.21963302791118622,
                    -1.317798137664795
                ],
                [
                    0.0,
                    0.7370524406433105,
                    0.6758356094360352,
                    4.055013656616211
                ],
                [
                    0.0,
                    0.0,
                    0.0,
                    1.0
                ]
            ]
        },
        {
            "file_path": "train/0048",
            "transform_matrix": [
                [
                    -0.40798360109329224,
                    0.7806691527366638,
                    0.4733971953392029,
                    2.8403830528259277
                ],
                [
                    0.9129892587661743,
                    0.34885427355766296,
                    0.2115449756383896,
                    1.2692698240280151
                ],
                [
                    0.0,
                    0.5185135006904602,
                    -0.8550695180892944,
                    -5.1304168701171875
                ],
                [
                    0.0,
                    0.0,
                    0.0,
                    1.0
                ]
            ]
        },
        {
            "file_path": "train/0049",
            "transform_matrix": [
                [
                    -0.015477577224373817,
                    -0.10143551975488663,
